3438
1371 1414 1504 2097 2168 2361 2394 2475 2521 2542 
183 1644 1679 2131 2932 3091 3241 3305 3377 3417 
1310 1883 1932 2194 2267 2323 2339 2417 2441 2502 
0 185 289 450 1216 1420 1566 1666 1733 1831 
257 650 747 798 838 1118 1169 1249 1503 2352 
94 272 587 675 819 931 1245 1278 2203 2237 
182 322 363 428 520 671 732 798 1472 2248 
459 561 1434 1740 1843 1932 2054 2189 2520 2557 
271 369 464 564 589 1271 1294 1494 2617 2649 
248 1152 1210 1255 1297 1410 2176 2269 2417 2551 
0 1254 2960 3039 3125 3129 3148 3241 3284 3362 
304 737 1001 1062 1533 2545 2592 2673 2713 2799 
744 809 917 971 1039 1679 1716 2062 2110 2206 
937 1793 1885 1941 1990 2718 2726 2799 2830 2850 
312 513 676 716 772 827 935 1265 1516 1986 
134 177 340 360 549 1460 1486 1610 1861 1919 
63 179 514 763 916 1096 1189 1284 1583 1683 
358 1083 1297 1336 2157 2180 2220 2319 2363 2469 
1213 1265 1404 1569 1759 1829 1840 1894 2022 2062 
0 316 363 457 1789 1831 2010 2136 2219 2298 
88 353 1560 1604 1729 2826 2858 2872 2874 2953 
186 299 326 1169 1213 1251 1318 1737 1760 1795 
171 260 551 598 754 1372 2222 2315 2323 2357 
66 255 413 1207 1224 1306 1404 2887 2910 3169 
96 303 1510 1585 1657 1792 2257 2266 2324 2381 
314 561 616 1137 1223 1358 2037 2086 2696 2718 
477 1210 1471 1503 1633 2624 2858 2887 2910 3001 
265 342 470 588 675 1380 1548 1700 2450 2628 
91 1426 2220 2236 2301 2457 2521 2599 2608 2676 
0 400 413 716 895 1177 2236 2251 2396 2474 
95 499 1335 1372 1389 2423 2560 2694 2784 3068 
1241 2599 2649 2711 2779 2820 2896 2910 2918 2944 
945 990 1760 1774 2067 2668 2711 3009 3315 3316 
77 165 166 363 374 470 647 732 1562 1574 
361 419 509 588 1604 1668 1733 1829 1894 1991 
496 521 650 1574 1799 1858 1941 2145 2173 2206 
271 406 777 903 1034 1096 1231 1334 1438 1586 
97 410 457 492 824 1146 1207 1273 1380 1473 
815 842 942 999 1132 1209 1523 1531 1610 1639 
0 330 445 1324 1712 1922 2953 2960 2986 3227 
0 1294 2462 2506 2648 2696 2783 3044 3278 3338 
0 106 654 716 1276 1329 1448 1922 1986 2102 
1486 1510 2582 2617 2694 2896 2969 2998 3057 3110 
141 714 926 971 1060 1132 1232 2180 2228 2557 
0 351 1774 1833 1908 1991 2086 2176 2221 2300 
0 112 240 299 1224 1241 1773 1842 1858 1990 
1271 2646 2754 2757 2830 2831 2854 2855 2947 3039 
0 181 562 650 884 945 984 1039 1062 1407 
94 213 990 1783 2910 2944 3001 3110 3129 3203 
177 370 492 562 696 794 884 903 975 1060 
