2132
386 402 690 715 835 899 991 1143 1197 1272 
286 520 967 997 1057 1179 1368 1500 1569 1662 
932 993 1153 1278 1452 1535 1735 1764 1853 1943 
69 1022 1207 1259 1387 1583 1588 1646 1699 1755 
157 1043 1159 1200 1352 1470 1764 1988 1990 2077 
0 217 338 422 544 582 646 662 667 750 
852 899 956 993 1057 1253 1272 1357 1479 1562 
75 262 329 422 520 583 667 712 892 1099 
0 98 893 932 1068 1699 1735 1943 1988 2077 
357 427 461 483 639 973 987 1332 1451 1791 
187 402 700 701 736 835 933 1047 1163 1286 
0 85 249 329 584 639 662 722 829 1388 
97 187 251 324 368 427 478 552 646 791 
557 614 698 785 787 884 1120 1216 1253 1319 
270 669 715 814 855 932 1000 1125 1433 1470 
98 144 232 324 810 852 1000 1099 1190 1289 
88 181 232 251 997 1270 1535 1558 1662 1755 
0 1059 1200 1259 1308 1441 1525 1562 1634 1730 
174 614 698 785 814 1028 1120 1187 1290 1413 
0 419 483 544 583 637 666 798 892 924 
